0.726615 0.825747 -0.955087 1.21964
-0.290783 0.285846 0.75789 0.904855
-0.368583 0.77907 0.608417 1.24779
-0.705034 -0.0304242 -0.54909 -0.960541
-0.395674 -0.0884744 -0.546296 -0.854467
0.750242 -0.0999513 0.15776 0.918459
0.540643 0.597239 -0.805377 0.745243
-0.905146 0.128332 0.0705666 -0.335806
-0.437183 0.0984145 0.375854 0.144557
0.93782 0.594216 -0.892815 1.1962
-0.250059 -0.444694 0.453199 -0.100097
-0.586283 -0.803032 -0.983729 -1.51841
-0.356969 0.922966 0.62784 1.4474
-0.367825 -0.989702 -0.757799 -1.37605
-0.817842 0.66998 0.0946069 0.323771
0.172477 0.600688 -0.947987 0.311366
-0.488447 0.47459 -0.652929 -0.352757
-0.486411 0.0447641 0.689527 0.42768
0.528227 0.0430065 -0.419099 0.277014
-0.48175 -0.0769738 -0.460374 -0.849526
-0.787301 -0.297335 0.412435 -0.337078
-0.230882 -0.999084 -0.341805 -1.05451
0.574868 0.515573 0.0762318 1.29354
-0.469677 0.314617 0.00955254 -0.0376923
-0.272971 -0.687947 0.196239 -0.533676
0.942765 -0.930755 0.383729 0.952203
-0.93894 -0.97102 -0.933051 -1.62731
0.777662 -0.501839 -0.440842 0.109158
-0.576952 0.567063 -0.631511 -0.282707
-0.306628 0.346995 0.578117 0.749269
-0.459909 0.597815 -0.0764677 0.215002
-0.647806 -0.454945 -0.117759 -0.96819
-0.707368 -0.803365 0.511037 -0.458373
0.902026 0.527051 -0.181417 1.44445
-0.512223 0.483454 0.932459 1.18749
-0.710151 0.038775 0.61608 0.23027
-0.827109 -0.410153 0.634794 -0.165126
0.621664 -0.485221 0.93196 1.36591
0.911949 -0.423933 0.268782 0.969992
-0.705375 -0.335433 0.438622 -0.312068
-0.890069 0.19641 0.327951 0.0216438
0.0461585 -0.357077 0.170517 -0.0860904
0.944251 0.0522 0.4677 1.64699
-0.10618 -0.0816805 -0.481826 -0.575938
-0.232366 -0.609878 -0.737424 -1.18451
-0.546721 0.427165 0.539769 0.640159
0.239316 0.821137 0.446545 1.68009
-0.616724 -0.239002 -0.811821 -1.21168
0.998601 -0.948778 -0.0952051 0.504883
0.861676 -0.184724 0.659466 1.55141
0.194963 0.385096 -0.784039 0.103542
-0.979848 -0.496084 -0.533685 -1.3678
-0.161162 -0.862478 0.597168 -0.0196837
-0.584017 -0.0105331 0.431882 0.0149816
-0.590801 0.671621 -0.316746 0.0238877
-0.345533 -0.315565 0.647514 0.145628
0.0292489 -0.152867 0.154082 0.0448354
0.625665 -0.851531 -0.619724 -0.297278
-0.53374 0.144395 0.897148 0.74987
0.168447 -0.193836 -0.0434847 -0.0480931
0.813581 0.100759 -0.981976 0.486647
-0.921318 -0.308159 -0.97267 -1.35913
0.908973 0.235241 -0.128139 1.16356
-0.418172 -0.573436 -0.725546 -1.30312
0.846226 -0.21793 -0.391765 0.425877
-0.199077 0.0864872 -0.123995 -0.216317
0.395579 -0.343523 -0.884536 -0.408016
0.307072 -0.489366 -0.510528 -0.478112
-0.802338 0.282511 -0.148628 -0.364601
0.558927 -0.111768 -0.488966 0.118222
-0.279785 0.511658 -0.223456 0.108875
0.552045 -0.639765 0.662993 0.888986
-0.175313 0.441356 -0.076498 0.245741
0.713746 -0.323215 0.735 1.35388
0.754045 -0.557094 -0.60658 -0.0401267
-0.289912 -0.263977 -0.938961 -1.04312
-0.018806 0.711017 -0.552399 0.352383
0.38777 0.77184 -0.112303 1.19113
-0.64142 -0.173277 -0.0897536 -0.725528
0.334871 0.783994 0.411445 1.70352
-0.181136 0.535415 0.635336 1.14044
-0.224915 -0.165611 -0.690868 -0.858491
0.0704284 -0.093768 0.251251 0.248419
0.768354 -0.895516 0.706838 1.13143
0.902451 0.29064 0.0405755 1.38214
0.0827837 -0.724662 -0.602189 -0.878255
-0.159385 -0.946151 0.695317 0.0919683
-0.69535 -0.529964 0.489526 -0.374746
0.122408 0.767576 -0.0368528 0.961306
0.398657 0.248203 0.951811 1.78625
-0.774905 -0.551493 0.0708293 -0.879946
0.868825 -0.485518 -0.334681 0.299215
0.0174777 -0.634328 0.346896 -0.0782746
-0.571519 -0.802197 0.344215 -0.595746
0.765621 0.300884 -0.0767945 1.11741
0.306504 0.369989 -0.896427 0.192558
0.563306 -0.0466792 -0.356027 0.272643
0.183182 -0.686363 0.386986 0.122153
-0.646795 -0.730277 0.140212 -0.838563
-0.390263 -0.207372 0.293516 -0.212563
0.265604 0.680045 -0.529245 0.63037
-0.193581 -0.0311556 0.636993 0.504517
0.167091 0.997028 -0.93209 0.770542
-0.834347 0.358211 0.103174 -0.0367398
0.780551 0.214026 0.863632 2.09655
0.222669 -0.569895 0.871514 0.786764
0.690065 0.984457 0.0516184 1.95556
-0.297772 0.0639324 0.144223 -0.0517114
0.474717 0.766371 -0.0199775 1.37456
0.721557 0.686668 -0.410161 1.24388
0.46108 0.79245 -0.88776 0.869939
0.775027 0.0113568 0.898304 1.91569
-0.245747 0.737478 0.568921 1.24625
-0.150855 -0.779888 -0.360637 -0.978041
-0.512782 -0.215377 0.650073 0.120503
-0.164122 -0.208166 0.12711 -0.217355
-0.950376 0.165137 -0.772666 -0.889044
-0.494239 0.999827 -0.890208 0.200732
0.214195 -0.81016 -0.884101 -0.84002
-0.572552 -0.40308 0.638225 -0.0689748
0.642992 0.747714 0.6842 2.3438
0.538662 0.616967 0.83046 2.23793
-0.93025 -0.846018 0.486723 -0.537281
-0.91495 -0.175889 0.0894274 -0.615387
-0.49063 0.567138 -0.665054 -0.249664
-0.949073 0.496107 0.236679 0.258469
0.19815 -0.931756 0.573812 0.308032
0.168503 0.656487 0.573927 1.55761
0.851137 0.285205 -0.717886 0.771931
-0.605539 -0.532539 0.486121 -0.343751
0.290069 0.0605549 -0.267699 0.129864
-0.404148 -0.34482 -0.0351596 -0.681374
0.477635 0.516007 -0.485505 0.70547
0.640255 -0.191258 -0.202914 0.352085
0.0920896 -0.0621953 0.0836514 0.119162
-0.875715 0.459667 -0.510233 -0.441181
-0.0849181 -0.787112 -0.667135 -1.09032
-0.145068 0.774209 0.998187 1.88013
0.787804 0.963366 -0.526799 1.57502
-0.526581 -0.66603 -0.386388 -1.23624
-0.160742 -0.755102 -0.149075 -0.808465
-0.432397 -0.207284 0.846303 0.407832
-0.898228 0.981629 -0.895888 0.0403229
-0.325407 -0.401531 -0.759262 -1.14583
0.544855 0.336323 -0.180329 0.801708
0.955513 -0.821705 -0.496739 0.158227
-0.723013 0.855419 0.612527 1.15704
0.719282 0.685148 -0.849803 1.05317
0.799554 0.576458 -0.524622 1.13526
-0.831947 0.515693 0.759981 0.903495
0.821817 0.27493 0.545605 1.8374
0.0718919 0.876172 -0.0651175 1.00818
-0.476378 -0.43184 0.38202 -0.336502
0.0719341 0.513274 -0.741419 0.133067
-0.137221 -0.340328 -0.792369 -0.953855
-0.233953 -0.176707 0.133844 -0.243007
-0.926013 -0.347038 -0.997374 -1.38759
-0.847452 0.761335 -0.896104 -0.210364
0.191235 -0.412095 0.429989 0.323787
0.390095 0.227844 -0.445605 0.295946
0.665234 -0.667118 -0.650113 -0.213689
-0.258092 0.017478 -0.424426 -0.57544
-0.0174079 0.804995 0.288663 1.20759
0.859055 0.457922 -0.147215 1.34343
-0.28007 0.577374 -0.982909 -0.149338
-0.245838 0.804979 0.0157294 0.705778
-0.370234 -0.741562 0.136739 -0.689256
0.542264 0.119747 -0.99196 0.186151
-0.711956 -0.469601 0.154049 -0.727065
-0.930362 -0.848792 0.862053 -0.0943917
-0.179803 -0.256599 -0.873673 -0.940877
-0.246227 0.314453 0.188423 0.311363
0.58979 0.532979 0.00210429 1.25597
0.773643 -0.315124 -0.528786 0.177559
0.316735 0.0666216 0.141607 0.556616
0.775636 -0.375252 0.862853 1.53945
-0.649271 -0.413786 0.231675 -0.583143
-0.209835 0.673438 0.220592 0.798049
-0.182485 0.812404 -0.314129 0.473074
-0.276785 0.285818 -0.51956 -0.359348
-0.994388 0.276799 -0.865222 -0.782176
-0.857571 0.437372 -0.345636 -0.357635
-0.227509 0.00797377 -0.649544 -0.680282
0.0312316 0.402817 -0.811752 -0.055603
0.778781 -0.711601 0.872387 1.37741
0.343098 -0.0480118 -0.523347 -0.093195
-0.91243 -0.086498 0.595379 0.0417861
0.811902 -0.978503 0.677845 1.14589
-0.616445 0.914243 0.302919 0.904552
-0.437213 0.25517 0.75609 0.763457
-0.323214 -0.761925 -0.0755999 -0.876246
-0.569025 -0.539735 -0.768184 -1.38599
-0.442297 0.0645071 0.455 0.197952
-0.379673 0.46557 -0.850894 -0.348077
-0.186279 -0.669655 -0.57239 -1.10433
0.428338 0.81184 -0.512797 0.981953
-0.826231 -0.585525 0.120242 -0.85608
-0.876088 -0.52658 -0.889703 -1.49679
-0.245929 0.300255 0.372787 0.503401
-0.248461 -0.228534 0.466696 0.0770053
0.492779 -0.0383529 0.849966 1.47601
-0.158211 -0.624097 0.92951 0.442966
-0.0459226 -0.0502335 0.741573 0.745699
0.408916 -0.983418 -0.414528 -0.445692
0.174135 0.651797 0.22525 1.15499
-0.177321 -0.951253 -0.921206 -1.25139
-0.372186 -0.671095 -0.0977274 -0.903536
-0.912269 0.382939 0.176744 0.0616137
0.887293 -0.452458 -0.37693 0.310344
0.558245 -0.870254 -0.242524 -0.136608
-0.222228 -0.811841 -0.19425 -0.915128
-0.946772 0.617442 0.405486 0.594492
0.474036 -0.0155265 0.0596371 0.56911
0.267751 -0.675431 0.484525 0.333917
0.0952079 -0.124626 -0.255919 -0.255347
-0.728241 0.192634 -0.475751 -0.693985
-0.621913 0.689958 -0.285198 0.0558135
0.0869773 -0.00401279 -0.559188 -0.351561
0.330418 0.545636 -0.80575 0.438888
0.279362 -0.0569478 0.925781 1.29942
0.808889 -0.95708 -0.650994 -0.101742
0.221055 -0.163213 0.901225 1.10717
-0.981286 -0.0448553 0.0322823 -0.553984
-0.445386 0.221857 0.769317 0.736712
-0.152707 -0.829108 0.786343 0.217054
0.109871 0.909502 0.259129 1.42701
-0.383337 0.65127 0.71052 1.20719
0.173608 0.0962301 -0.467363 -0.104366
0.501997 -0.306242 -0.594152 -0.170466
0.788748 0.997381 0.553265 2.65189
-0.96876 -0.26667 -0.599215 -1.2411
0.418261 0.642809 0.30494 1.51019
0.640051 0.809132 -0.62959 1.17033
0.299497 -0.498658 0.380021 0.332565
0.595755 0.150402 -0.774253 0.304891
0.896601 0.0446887 -0.201484 0.879706
0.301116 -0.854297 -0.669218 -0.697392
0.912299 -0.117667 -0.559199 0.490661
0.747706 0.733344 -0.271176 1.43257
0.318906 0.851462 -0.674079 0.825916
-0.873091 0.850055 0.182593 0.622045
-0.58864 -0.820738 -0.49863 -1.38448
0.586784 0.687342 -0.725017 0.927744
-0.767908 -0.449109 -0.877908 -1.42957
-0.369984 -0.903953 0.843992 0.0998251
0.91065 0.608609 -0.528175 1.30127
-0.606853 -0.771097 -0.863984 -1.51484
-0.708941 -0.841172 -0.786529 -1.55572
-0.310167 -0.384527 -0.944079 -1.14969
-0.408438 -0.493866 0.377178 -0.337015
0.133759 0.51613 0.676749 1.47582
-0.484813 0.445237 -0.344534 -0.207535
-0.429157 -0.601181 0.190859 -0.617413
-0.238883 0.491984 -0.51751 -0.0888812
-0.949159 0.525279 0.63464 0.755293
0.768811 0.262714 0.578058 1.79965
0.113074 0.276263 -0.582771 -0.0361247
-0.254164 -0.476383 0.454938 -0.121045
-0.0783363 -0.766888 0.352714 -0.21111
-0.0472621 -0.316702 -0.879687 -0.866304
-0.519737 -0.622095 -0.290201 -1.14313
-0.793593 0.357281 0.6658 0.614758
-0.679882 0.225511 -0.684047 -0.742727
-0.25402 0.320879 -0.815466 -0.414199
-0.252574 -0.524815 -0.154021 -0.795478
-0.671111 -0.0763392 0.0950048 -0.463686
-0.26786 -0.996589 0.27281 -0.493044
0.748829 -0.190181 0.0449057 0.716314
-0.0783055 0.211857 -0.30458 -0.124708
0.917093 -0.366323 -0.53848 0.302385
-0.134554 -0.517641 -0.197437 -0.727625
0.820429 -0.312892 -0.62277 0.187994
-0.574512 0.424804 0.847072 0.986478
-0.739774 -0.82369 0.804665 -0.125216
0.287271 0.899494 0.960842 2.43047
-0.262642 -0.453398 -0.92872 -1.15739
-0.319395 0.338531 0.888836 1.09644
0.0383923 0.296693 0.893969 1.37691
0.0731525 0.443034 0.395394 0.994332
0.0441481 -0.723506 0.444421 0.0289282
0.988582 -0.255657 -0.786055 0.372956
-0.162827 -0.632113 -0.59339 -1.07868
-0.917861 0.564063 0.475509 0.614135
0.291064 -0.222086 0.473212 0.629845
0.740487 -0.644794 0.0471056 0.410591
-0.854298 -0.160281 0.788606 0.20889
-0.0668551 -0.305521 -0.46281 -0.720458
0.679891 0.644132 -0.340556 1.19314
-0.937754 -0.403519 0.332069 -0.527145
-0.0352255 0.587854 -0.274985 0.374555
-0.372227 0.40427 -0.479972 -0.27239
0.652269 -0.595704 -0.53391 -0.143391
0.832519 -0.97643 0.236684 0.656363
-0.169743 0.209845 0.66534 0.811362
0.825433 -0.88872 0.393208 0.829463
0.0950718 0.678017 -0.435034 0.498138
-0.444097 0.249856 -0.821871 -0.634263
0.0246249 0.341505 -0.35025 0.0883677
0.957701 -0.0354518 0.727304 1.88151
0.080336 -0.781097 -0.412516 -0.788704
0.23821 0.0931146 0.616641 1.04094
-0.427747 -0.319763 -0.47745 -1.03473
-0.0837574 -0.993238 -0.757185 -1.13828
0.0493223 0.57299 -0.142714 0.554554
-0.701101 -0.328241 -0.202271 -0.976273
-0.217556 0.519038 -0.512785 -0.0365006
0.567512 0.737146 -0.361967 1.15454
0.653883 -0.00282915 -0.0649303 0.670096
0.896989 -0.679072 -0.224587 0.325527
0.120584 0.664077 0.352629 1.25596
-0.962241 -0.87428 0.0198698 -1.06049
-0.273924 -0.114519 0.0919177 -0.264013
-0.361322 -0.137608 0.162161 -0.276498
0.862009 -0.329895 -0.246835 0.464718
0.952379 -0.51045 -0.717667 0.173387
0.949916 0.600276 0.254916 2.0287
0.825091 -0.761199 -0.194157 0.24125
0.989412 -0.773605 0.932285 1.67394
0.157441 0.650169 -0.474741 0.50687
-0.52648 -0.5238 0.36662 -0.438418
0.711169 -0.0932053 -0.81734 0.185069
-0.0123696 -0.329196 -0.735927 -0.811893
0.471272 -0.552786 -0.246385 -0.138428
0.699729 -0.0779183 -0.0435979 0.671865
-0.376921 0.938052 0.787439 1.63952
0.770328 -0.253271 0.544682 1.25021
0.68869 0.712952 -0.794296 1.06028
-0.912199 0.549263 -0.506148 -0.33661
-0.764679 0.462348 0.421016 0.45516
-0.144789 0.916036 0.814077 1.83284
-0.468001 0.989123 0.489109 1.28527
0.0971655 -0.308833 0.16911 0.00139585
-0.142172 -0.135326 -0.278498 -0.516692
0.612549 -0.735273 0.966028 1.28152
0.15543 -0.27312 -0.215815 -0.285477
0.38543 -0.627467 0.242231 0.209014
0.229438 -0.0602133 -0.359103 -0.128615
0.920472 0.430798 0.000626065 1.52397
-0.357371 0.389672 0.294306 0.430001
0.180038 -0.796076 -0.903331 -0.876296
-0.819285 0.0195258 -0.0343196 -0.54361
0.528473 0.129346 -0.520862 0.305766
-0.373363 -0.411252 0.140762 -0.525706
-0.460277 -0.7196 -0.183637 -1.05687
-0.240872 -0.51007 0.623277 0.0689098
-0.120818 -0.299775 0.622641 0.314997
0.187346 -0.622954 -0.761811 -0.78636
0.692145 -0.403422 0.553878 1.05619
0.58542 0.77375 0.514891 2.10577
0.813439 -0.706899 -0.0342013 0.391748
-0.193581 0.734184 -0.0603356 0.591349
0.373285 0.701912 -0.917528 0.658418
-0.43755 -0.167827 -0.678401 -1.01436
0.200532 -0.488828 0.606464 0.493654
-0.379547 0.975634 0.0412647 0.828097
0.820846 -0.579267 -0.564961 0.0474855
-0.230872 -0.0578134 -0.705535 -0.768721
0.118729 0.0776268 0.0973019 0.302025
-0.0851383 0.0176355 0.0121737 -0.0529151
0.105188 0.271337 0.726649 1.22119
-0.634882 0.389637 -0.465554 -0.430658
-0.475186 0.88424 -0.242136 0.396047
0.187737 0.236167 0.0960546 0.546594
-0.69999 -0.557652 -0.081256 -1.0123
-0.668153 -0.920631 0.0305224 -0.996527
-0.121347 -0.57269 -0.365469 -0.877451
0.137346 -0.310929 0.41335 0.31857
0.673827 0.595777 0.971962 2.53724
-0.278008 -0.579808 -0.453507 -1.07469
-0.940357 -0.290347 -0.108084 -0.907851
-0.835191 -0.61497 -0.607007 -1.45551
-0.243625 0.5213 0.718592 1.16935
0.0511729 -0.209742 0.642384 0.579829
-0.0930101 0.561667 0.600569 1.21027
0.781896 0.288122 -0.156076 1.04895
0.15403 -0.922357 -0.278269 -0.632727
0.515508 -0.534978 0.258005 0.423862
-0.0318084 -0.176481 -0.941561 -0.740239
-0.769121 0.619979 -0.00895165 0.169363
0.187289 -0.257879 0.324012 0.311507
0.847067 -0.795882 -0.863358 -0.0962677
-0.478111 0.458156 0.283572 0.417653
0.761187 -0.0267861 0.936682 1.90584
-0.891336 0.923137 0.609183 1.19711
-0.815979 0.271597 -0.874521 -0.776051
-0.233916 0.165799 -0.255895 -0.275553
0.354159 0.700811 0.94795 2.25841
0.959699 -0.195884 -0.49175 0.51258
-0.876126 -0.693961 0.421059 -0.571184
0.592884 -0.386973 -0.0644453 0.268591
-0.39624 0.878601 0.986055 1.78812
-0.900887 0.858022 0.5162 1.01053
0.281849 0.530921 0.107352 1.00346
0.874168 0.551144 -0.859951 1.0751
-0.328921 0.0725288 -0.306236 -0.48986
-0.234066 0.410892 0.136186 0.375908
-0.862085 -0.694407 0.515397 -0.458943
-0.0207857 -0.26461 0.123635 -0.133276
-0.339443 -0.715704 0.81493 0.126036
-0.828202 0.385277 0.470919 0.409641
0.336681 -0.53873 -0.942791 -0.604159
0.758531 -0.537074 0.832914 1.3834
-0.881918 0.480479 -0.975899 -0.549657
0.170874 0.626587 0.40861 1.33039
0.685051 -0.368022 -0.175961 0.288596
-0.154996 0.25527 -0.358235 -0.187236
-0.969055 -0.260691 0.754353 0.0755407
-0.47462 0.767192 0.995001 1.61704
0.105263 -0.819531 -0.843734 -0.954508
-0.415559 -0.715358 0.921478 0.196971
0.13481 -0.123 0.509173 0.586936
-0.552684 -0.0243091 0.0413934 -0.415569
-0.249302 0.0285031 -0.749 -0.711945
0.45597 0.216878 0.0161089 0.748185
-0.657767 -0.770253 -0.590372 -1.45199
0.453331 -0.604332 0.391226 0.468207
0.711148 -0.917356 -0.287282 0.00430131
0.825182 0.861548 0.0748916 1.99698
0.205752 -0.195703 -0.171817 -0.12808
0.127214 0.312769 -0.372557 0.146409
0.406874 -0.343103 -0.111352 0.0369072
0.343708 -0.0996969 -0.819741 -0.253506
-0.0272578 0.119904 0.114531 0.215114
-0.128162 0.695145 0.531282 1.2539
0.546217 -0.95698 -0.580659 -0.381174
-0.951343 -0.879482 -0.416491 -1.43356
-0.0858972 0.18223 0.635186 0.821973
0.647336 -0.283604 0.93406 1.53887
-0.267184 -0.254345 -0.596769 -0.929937
-0.100862 0.176881 0.915644 1.13218
0.45173 0.689049 -0.020738 1.25537
-0.679665 0.974625 -0.151595 0.478389
0.500423 -0.212464 0.329707 0.713974
-0.502206 0.0475977 -0.341801 -0.657574
-0.567299 0.320889 0.676071 0.668348
0.397085 -0.621295 -0.984981 -0.574457
0.661639 -0.655266 0.37111 0.669149
0.139163 0.936989 -0.223058 1.0074
0.596527 0.928924 0.122093 1.85463
0.269725 -0.928933 -0.193352 -0.434748
-0.328859 -0.0688201 0.74793 0.490079
0.191644 0.0818177 0.328297 0.639991
-0.596239 -0.868795 -0.628992 -1.46163
0.884398 0.138912 0.364966 1.54931
0.981154 -0.277635 -0.779069 0.348448
-0.761476 0.983845 0.544609 1.21404
0.541415 0.61984 0.466756 1.8148
-0.719531 0.381743 0.269781 0.200896
-0.221099 0.861435 0.0235768 0.800503
-0.636771 -0.445148 -0.358668 -1.15654
0.928056 -0.267799 -0.0668509 0.750287
-0.618123 -0.442738 -0.466275 -1.21883
-0.666707 -0.8805 -0.72323 -1.52842
-0.970195 -0.158399 -0.0679774 -0.759362
0.376071 0.727491 0.0247279 1.25838
0.489837 0.998756 -0.701252 1.18487
-0.554483 0.480654 0.372896 0.503429
-0.494475 0.798374 -0.306992 0.232305
0.895571 -0.938423 -0.675313 -0.00958252
0.988294 0.883056 0.567981 2.76944
0.518079 -0.91639 -0.682342 -0.456679
0.600203 0.430267 -0.451031 0.77067
-0.982358 0.101236 0.765317 0.430317
0.976978 0.0560408 0.341674 1.5422
-0.842204 0.523056 0.296408 0.366731
0.888137 -0.190709 -0.800923 0.308334
-0.971126 -0.718939 -0.507273 -1.45472
-0.506109 0.682231 0.440268 0.846558
0.595549 0.939082 -0.795661 1.21454
0.678305 0.0326505 -0.572576 0.355022
0.990524 -0.526839 0.142958 0.859722
0.146726 0.271559 -0.615216 -0.0205719
-0.984023 0.249659 -0.333314 -0.570316
0.748843 0.0255085 -0.281288 0.620865
0.613886 0.804837 0.205399 1.82077
0.419366 0.799701 -0.92552 0.826988
0.804339 0.262315 -0.946948 0.651798
0.279827 -0.0164762 0.108447 0.395048
0.416395 0.227464 0.428734 1.16837
-0.21792 -0.37308 0.482486 0.00913931
0.00266762 -0.126878 -0.367141 -0.437549
-0.672072 0.656049 0.196974 0.45935
0.545903 -0.939813 0.269407 0.354054
0.669449 -0.989161 0.379017 0.626073
-0.248883 0.792805 -0.474659 0.283703
-0.895289 -0.780505 -0.985997 -1.60297
-0.315504 -0.786767 -0.525288 -1.22149
0.69214 -0.223809 0.686964 1.35075
0.781284 -0.645808 0.411664 0.861565
0.172968 0.796414 0.423737 1.55125
0.507765 0.382714 0.85736 1.95759
-0.492358 -0.00530697 0.620359 0.291502
0.91465 -0.206949 -0.944329 0.308121
0.755059 0.846712 -0.794513 1.2964
-0.86755 0.104855 0.150815 -0.271925
-0.514595 0.413727 0.227936 0.28219
-0.56882 -0.466456 0.380813 -0.41084
-0.815717 -0.0593437 -0.735355 -1.09548
0.00291706 0.611419 0.554075 1.30736
0.466965 -0.884695 0.845872 0.939878
