0.726615 0.825747 -0.955087 1.21964
-0.290783 0.285846 0.75789 0.904855
-0.368583 0.77907 0.608417 1.24779
-0.705034 -0.0304242 -0.54909 -0.960541
-0.395674 -0.0884744 -0.546296 -0.854467
0.750242 -0.0999513 0.15776 0.918459
0.540643 0.597239 -0.805377 0.745243
-0.905146 0.128332 0.0705666 -0.335806
-0.437183 0.0984145 0.375854 0.144557
0.93782 0.594216 -0.892815 1.1962
-0.250059 -0.444694 0.453199 -0.100097
-0.586283 -0.803032 -0.983729 -1.51841
-0.356969 0.922966 0.62784 1.4474
-0.367825 -0.989702 -0.757799 -1.37605
-0.817842 0.66998 0.0946069 0.323771
0.172477 0.600688 -0.947987 0.311366
-0.488447 0.47459 -0.652929 -0.352757
-0.486411 0.0447641 0.689527 0.42768
0.528227 0.0430065 -0.419099 0.277014
-0.48175 -0.0769738 -0.460374 -0.849526
-0.787301 -0.297335 0.412435 -0.337078
-0.230882 -0.999084 -0.341805 -1.05451
0.574868 0.515573 0.0762318 1.29354
-0.469677 0.314617 0.00955254 -0.0376923
-0.272971 -0.687947 0.196239 -0.533676
0.942765 -0.930755 0.383729 0.952203
-0.93894 -0.97102 -0.933051 -1.62731
0.777662 -0.501839 -0.440842 0.109158
-0.576952 0.567063 -0.631511 -0.282707
-0.306628 0.346995 0.578117 0.749269
-0.459909 0.597815 -0.0764677 0.215002
-0.647806 -0.454945 -0.117759 -0.96819
-0.707368 -0.803365 0.511037 -0.458373
0.902026 0.527051 -0.181417 1.44445
-0.512223 0.483454 0.932459 1.18749
-0.710151 0.038775 0.61608 0.23027
-0.827109 -0.410153 0.634794 -0.165126
0.621664 -0.485221 0.93196 1.36591
0.911949 -0.423933 0.268782 0.969992
-0.705375 -0.335433 0.438622 -0.312068
-0.890069 0.19641 0.327951 0.0216438
0.0461585 -0.357077 0.170517 -0.0860904
0.944251 0.0522 0.4677 1.64699
-0.10618 -0.0816805 -0.481826 -0.575938
-0.232366 -0.609878 -0.737424 -1.18451
-0.546721 0.427165 0.539769 0.640159
0.239316 0.821137 0.446545 1.68009
-0.616724 -0.239002 -0.811821 -1.21168
0.998601 -0.948778 -0.0952051 0.504883
0.861676 -0.184724 0.659466 1.55141
0.194963 0.385096 -0.784039 0.103542
-0.979848 -0.496084 -0.533685 -1.3678
-0.161162 -0.862478 0.597168 -0.0196837
-0.584017 -0.0105331 0.431882 0.0149816
-0.590801 0.671621 -0.316746 0.0238877
-0.345533 -0.315565 0.647514 0.145628
0.0292489 -0.152867 0.154082 0.0448354
0.625665 -0.851531 -0.619724 -0.297278
-0.53374 0.144395 0.897148 0.74987
0.168447 -0.193836 -0.0434847 -0.0480931
0.813581 0.100759 -0.981976 0.486647
-0.921318 -0.308159 -0.97267 -1.35913
0.908973 0.235241 -0.128139 1.16356
-0.418172 -0.573436 -0.725546 -1.30312
0.846226 -0.21793 -0.391765 0.425877
-0.199077 0.0864872 -0.123995 -0.216317
0.395579 -0.343523 -0.884536 -0.408016
0.307072 -0.489366 -0.510528 -0.478112
-0.802338 0.282511 -0.148628 -0.364601
0.558927 -0.111768 -0.488966 0.118222
-0.279785 0.511658 -0.223456 0.108875
0.552045 -0.639765 0.662993 0.888986
-0.175313 0.441356 -0.076498 0.245741
0.713746 -0.323215 0.735 1.35388
0.754045 -0.557094 -0.60658 -0.0401267
-0.289912 -0.263977 -0.938961 -1.04312
-0.018806 0.711017 -0.552399 0.352383
0.38777 0.77184 -0.112303 1.19113
-0.64142 -0.173277 -0.0897536 -0.725528
0.334871 0.783994 0.411445 1.70352
-0.181136 0.535415 0.635336 1.14044
-0.224915 -0.165611 -0.690868 -0.858491
0.0704284 -0.093768 0.251251 0.248419
0.768354 -0.895516 0.706838 1.13143
0.902451 0.29064 0.0405755 1.38214
0.0827837 -0.724662 -0.602189 -0.878255
-0.159385 -0.946151 0.695317 0.0919683
-0.69535 -0.529964 0.489526 -0.374746
0.122408 0.767576 -0.0368528 0.961306
0.398657 0.248203 0.951811 1.78625
-0.774905 -0.551493 0.0708293 -0.879946
0.868825 -0.485518 -0.334681 0.299215
0.0174777 -0.634328 0.346896 -0.0782746
-0.571519 -0.802197 0.344215 -0.595746
0.765621 0.300884 -0.0767945 1.11741
0.306504 0.369989 -0.896427 0.192558
0.563306 -0.0466792 -0.356027 0.272643
0.183182 -0.686363 0.386986 0.122153
-0.646795 -0.730277 0.140212 -0.838563
-0.390263 -0.207372 0.293516 -0.212563